130.28261 2.5823088
136.28232 11.499806
143.24954 1.0739596
146.21338 15.365391
157.49251 3.8264587
158.44092 4.1560264
162.87886 1.7627859
171.32529 2.6899457
175.30048 186.25092
176.38704 6.3339667
185.15979 2.427056
191.1828 2226.1294
192.29329 173.6873
197.2219 1.3138192
199.45969 2.9976273
202.1765 3.1107116
204.1179 1.7990321
207.25647 20.086796
207.88683 2.5016274
208.6037 4.6344094
209.5426 1.1498463
213.16786 21.799252
214.35384 1.8979791
215.21323 1.7575179
217.21655 16.227064
219.08673 4325.6704
220.09222 356.8466
227.32228 5.9465113
228.29395 1.1301005
233.39055 2.6339521
235.06413 37.965263
242.28882 2.0509057
243.22284 1.8465238
245.17758 270.3712
246.16821 27.50033
247.11836 2.654494
251.3639 1.0829964
252.94513 2.8549452
255.04622 2.4646692
261.18585 9.051289
262.13367 5.0725503
263.26422 11.6366825
264.57065 1.5159655
268.38306 1.2977419
270.27533 25.906404
271.3078 5.4461937
272.3631 9.859184
276.24512 1.3762553
277.13174 2.6516113
278.07556 1.5717381
281.265 1.10159
282.19977 1.1382235
283.3325 2.0810604
286.30646 11.06536
287.1765 2.1610963
288.39178 1.2305189
290.08014 1400.5369
291.1757 136.00105
294.42535 2.3222723
295.35797 1.814356
300.1408 7.8612814
304.20837 811.26416
305.23065 79.8628
306.05542 17.845352
307.34924 3.8035588
310.072 3.0255675
311.35406 11.791755
312.32712 3.3814125
313.3056 1.4072096
314.2597 1.0545677
315.1371 4.833873
317.4917 4.8231125
318.10583 5.008939
319.40118 2.7259476
320.32623 5.4975467
320.9801 5.004892
322.93085 6.851782
324.98645 7.1337595
326.18387 155.67403
326.867 82.40201
327.84912 13.435893
329.29004 61.793762
329.96045 15.092587
332.34485 4.3205166
335.83594 1.737612
336.94147 21.789015
338.02542 2.9160805
339.1599 10.604975
340.03867 5.4890633
341.2291 10.182464
342.06726 3.5306833
343.1051 3.0373466
344.97443 4.111611
348.07788 6.9783516
348.85107 1.7478623
350.93124 1.6662648
353.661 27.931198
354.482 5.3906054
355.1598 3.181463
355.9065 1.7310463
358.89105 3.9271598
360.01526 1.0771769
361.8855 42.757473
362.9974 24.982653
364.15854 2.845261
366.59262 11.713022
367.3745 1.4155046
368.58105 5.068474
369.6902 4.994978
371.49747 2.0054238
372.95718 3.2917151
374.1445 6.493703
375.1536 5.239553
376.8825 6.7914915
378.15717 4.6131544
379.20764 3.3654304
381.58432 9.413514
382.24756 43.522316
383.03537 3.2834213
384.1311 4.9671454
385.75742 4.2052484
388.9163 4.4197745
391.14005 518.95374
391.79355 255.80098
392.4056 133.92093
393.8345 4.3865247
394.69153 3.2287645
396.10214 5.100317
396.89056 3.8957548
397.9844 3.5967789
399.23938 16.785769
400.2421 4.2097015
401.12744 8.038231
401.73468 1.3664773
403.09866 9.1446085
404.5547 10.253129
405.3727 3.7089534
406.14957 2.8432696
408.0743 136.54965
408.73267 1.5724621
409.39316 36.36102
410.39523 9.149603
412.41928 57.23098
413.3336 3.2706828
414.49194 6.6285133
417.24698 2506.9858
418.24588 369.17603
419.17245 40.245804
420.18314 9.8820715
421.18896 5.8333817
422.45758 36.421467
423.20886 160.63347
425.1493 529.4098
426.35645 746.9856
427.33963 15.756546
428.64252 18.226118
429.82028 5.7895546
441.5988 2.660708
446.46634 1.504802
450.0118 1.3778749
453.03094 673.52954
454.10165 119.651436
455.31238 4.4872026
458.30212 1.6210959
459.47287 1.5050396
461.34982 2.81678
462.35373 1.3985451
470.59668 1.6458308
472.22076 13.679895
473.12152 64.89688
473.9774 23.160831
475.0214 24.517376
476.20624 8.930014
477.19794 4.311841
478.80112 2.12403
483.08505 1.7240043
484.13336 8.3746395
485.4233 6.320675
486.04608 2.4170525
487.40427 1.6904541
490.425 2.611699
493.1393 1.9107485
494.29672 6.7201095
495.2082 9.212085
496.04633 4.500656
498.01953 2.5172048
499.08887 2.5752764
502.0482 67.82619
503.03418 90.691666
504.14655 72.60637
505.26953 19.129139
508.1191 12.490856
508.94745 12.661259
509.97174 1.5619769
513.0945 3.4728467
515.7184 3.4525356
516.8673 47.719856
517.96387 9.236302
521.1843 43.881226
522.21814 16.806986
523.3638 8.780929
524.1636 1.5324843
525.3325 4.46182
526.22705 2.5992622
527.1793 2.675949
530.1941 55.54209
531.0182 21.91172
531.9537 2.1883364
535.87787 1.4038843
538.14294 128.5118
539.3038 29.95341
540.1775 2.7390041
542.2184 1.0555694
543.05365 5.255605
545.6959 4.8786073
546.30096 1.0894295
547.9667 7.4030857
548.58167 1.4121362
550.2107 5.704023
553.079 50.880978
553.8137 4.835626
557.4152 1.9149536
559.7257 11.056883
560.6568 2.0619624
562.34937 8.694917
564.01245 22.12827
566.12476 451.34796
567.2152 98.26818
568.6381 1.3700082
570.6998 2.8181157
571.3604 7.8421445
574.223 1.2974689
575.5546 3.15251
577.8911 2.0477443
580.29407 3649.0405
581.2744 783.7198
582.539 5.3716745
585.7226 3.0754025
586.45667 3.4707913
590.43695 2.067964
592.5304 2.992323
594.2108 2.5041366
594.9986 8.309749
596.2069 8.335042
596.8594 1.5161008
598.04565 1.0561619
601.2544 1.8964884
602.3878 5.7285357
609.2798 5.046053
614.3191 1.8174736
624.92004 2.6332622
625.59155 1.5777448
626.3014 1.1409999
628.319 1.3126857
633.3207 21.67789
634.1863 4.2227736
638.1864 2.402322
639.2754 2.6164632
643.03394 2.8684218
648.6283 1.7976024
651.2396 13500.224
652.265 3121.2449
653.28674 2.5230677
657.2755 97.44212
658.36523 25.092361
664.2809 5.927872
667.0725 15.6411295
668.42004 2.0634453
671.75183 2.0589619
672.37537 62.57955
677.1692 24.85744
678.2599 7.362708
688.1443 2.0346353
688.9475 1.6562427
693.8484 1.461111
695.126 214.27386
696.20886 76.031944
699.4563 3.5355332
704.32104 3.2152658
711.48535 2.8701217
712.4254 1.451412
713.47217 1.5349894
722.2804 734.6835
723.3258 230.28732
723.93665 2.770898
725.2117 6.5182467
728.16235 1.3657687
732.3407 30.05436
733.2633 2.4272432
738.3041 9.859142
739.39966 2.8598526
743.36096 332.65823
777.3456 8.549461
818.81555 1.710746
840.4226 1.1004301
847.86694 0.0

